// timer-

Encoding  : UNKNOWN
Code      : 27A36066 (32 bits)
Timing[99]: 
     +1350, - 450     +1300, - 450     + 450, -1300     +1250, - 500
     +1300, - 450     + 400, -1300     +1250, - 500     + 400, -1300
     + 500, -1300     + 450, -1300     + 450, -1250     + 450, -8050
     +1300, - 450     +1250, - 500     + 450, -1250     +1300, - 500
     +1250, - 500     + 400, -1300     +1250, - 500     + 400, -1350
     + 450, -1300     + 450, -1250     + 500, -1300     + 450, -8000
     +1250, - 500     +1300, - 450     + 450, -1250     +1350, - 450
     +1300, - 450     + 450, -1250     +1350, - 450     + 450, -1250
     + 500, -1250     + 500, -1300     + 450, -1300     + 450, -8050
     +1350, - 450     +1300, - 450     + 450, -1300     +1300, - 450
     +1300, - 450     + 450, -1300     +1300, - 450     + 450, -1300
     + 450, -1300     + 450, -1300     + 450, -1300     + 500, -8000
     +1300, - 450     +1300
unsigned int  rawData[99] = {1350,450, 1300,450, 450,1300, 1250,500, 1300,450, 400,1300, 1250,500, 400,1300, 500,1300, 450,1300, 450,1250, 450,8050, 1300,450, 1250,500, 450,1250, 1300,500, 1250,500, 400,1300, 1250,500, 400,1350, 450,1300, 450,1250, 500,1300, 450,8000, 1250,500, 1300,450, 450,1250, 1350,450, 1300,450, 450,1250, 1350,450, 450,1250, 500,1250, 500,1300, 450,1300, 450,8050, 1350,450, 1300,450, 450,1300, 1300,450, 1300,450, 450,1300, 1300,450, 450,1300, 450,1300, 450,1300, 450,1300, 500,8000, 1300,450, 1300};  // UNKNOWN 27A36066

Encoding  : UNKNOWN
Code      : 27A36066 (32 bits)
Timing[99]: 
     +1350, - 450     +1300, - 450     + 450, -1250     +1350, - 450
     +1250, - 500     + 450, -1250     +1300, - 500     + 450, -1300
     + 450, -1250     + 500, -1250     + 500, -1300     + 450, -8000
     +1350, - 450     +1300, - 450     + 450, -1250     +1350, - 450
     +1250, - 500     + 450, -1250     +1350, - 450     + 450, -1250
     + 450, -1300     + 500, -1250     + 500, -1250     + 500, -8000
     +1350, - 450     +1300, - 450     + 400, -1300     +1250, - 500
     +1250, - 500     + 450, -1250     +1300, - 500     + 400, -1300
     + 500, -1250     + 500, -1250     + 500, -1250     + 500, -8000
     +1350, - 450     +1250, - 500     + 450, -1250     +1300, - 450
     +1300, - 450     + 400, -1300     +1300, - 450     + 400, -1300
     + 500, -1300     + 450, -1250     + 500, -1250     + 500, -8000
     +1350, - 450     +1300
unsigned int  rawData[99] = {1350,450, 1300,450, 450,1250, 1350,450, 1250,500, 450,1250, 1300,500, 450,1300, 450,1250, 500,1250, 500,1300, 450,8000, 1350,450, 1300,450, 450,1250, 1350,450, 1250,500, 450,1250, 1350,450, 450,1250, 450,1300, 500,1250, 500,1250, 500,8000, 1350,450, 1300,450, 400,1300, 1250,500, 1250,500, 450,1250, 1300,500, 400,1300, 500,1250, 500,1250, 500,1250, 500,8000, 1350,450, 1250,500, 450,1250, 1300,450, 1300,450, 400,1300, 1300,450, 400,1300, 500,1300, 450,1250, 500,1250, 500,8000, 1350,450, 1300};  // UNKNOWN 27A36066

Encoding  : UNKNOWN
Code      : 88FA230F (32 bits)
Timing[95]: 
     +1300, - 450     +1300, - 450     + 400, -1300     +1300, - 450
     +1300, - 450     + 450, -1250     +1250, - 500     + 450, -1250
     + 400, -1300     + 450, -1250     + 400, -1300     + 450, -8050
     +1300, - 450     +1300, - 450     + 400, -1300     +1300, - 450
     +1250, - 500     + 450, -1300     +1300, - 450     + 400, -1300
     + 400, -1300     + 400, -1300     + 400, -1300     + 400, -8100
     +1250, - 500     +1250, - 500     + 400, -1300     +1250, - 500
     +1250, - 500     + 400, -1300     +1250, - 500     + 400, -1300
     + 400, -1300     + 400, -1300     + 400, -1300     + 400, -8100
     +1250, - 500     +1250, - 500     + 400, -1300     +1250, - 500
     +1250, - 500     + 400, -1300     +1250, - 500     + 400, -1300
     + 400, -1300     + 400, -1300     + 400, -1300     + 400
unsigned int  rawData[95] = {1300,450, 1300,450, 400,1300, 1300,450, 1300,450, 450,1250, 1250,500, 450,1250, 400,1300, 450,1250, 400,1300, 450,8050, 1300,450, 1300,450, 400,1300, 1300,450, 1250,500, 450,1300, 1300,450, 400,1300, 400,1300, 400,1300, 400,1300, 400,8100, 1250,500, 1250,500, 400,1300, 1250,500, 1250,500, 400,1300, 1250,500, 400,1300, 400,1300, 400,1300, 400,1300, 400,8100, 1250,500, 1250,500, 400,1300, 1250,500, 1250,500, 400,1300, 1250,500, 400,1300, 400,1300, 400,1300, 400,1300, 400};  // UNKNOWN 88FA230F

Encoding  : UNKNOWN
Code      : 88FA230F (32 bits)
Timing[95]: 
     +1300, - 450     +1300, - 450     + 450, -1250     +1300, - 450
     +1300, - 450     + 450, -1300     +1250, - 500     + 400, -1300
     + 450, -1250     + 400, -1300     + 450, -1250     + 450, -8050
     +1300, - 450     +1300, - 450     + 450, -1250     +1300, - 450
     +1300, - 450     + 450, -1300     +1300, - 450     + 450, -1250
     + 400, -1300     + 400, -1250     + 450, -1300     + 400, -8100
     +1250, - 500     +1250, - 500     + 400, -1300     +1300, - 450
     +1250, - 500     + 400, -1300     +1250, - 500     + 400, -1300
     + 400, -1300     + 400, -1300     + 400, -1300     + 400, -8100
     +1250, - 500     +1300, - 450     + 400, -1300     +1250, - 500
     +1250, - 500     + 400, -1300     +1250, - 500     + 400, -1300
     + 400, -1300     + 400, -1300     + 400, -1300     + 400
unsigned int  rawData[95] = {1300,450, 1300,450, 450,1250, 1300,450, 1300,450, 450,1300, 1250,500, 400,1300, 450,1250, 400,1300, 450,1250, 450,8050, 1300,450, 1300,450, 450,1250, 1300,450, 1300,450, 450,1300, 1300,450, 450,1250, 400,1300, 400,1250, 450,1300, 400,8100, 1250,500, 1250,500, 400,1300, 1300,450, 1250,500, 400,1300, 1250,500, 400,1300, 400,1300, 400,1300, 400,1300, 400,8100, 1250,500, 1300,450, 400,1300, 1250,500, 1250,500, 400,1300, 1250,500, 400,1300, 400,1300, 400,1300, 400,1300, 400};  // UNKNOWN 88FA230F

Encoding  : UNKNOWN
Code      : 27A36066 (32 bits)
Timing[99]: 
     +1300, - 450     +1250, - 500     + 400, -1300     +1250, - 500
     +1300, - 450     + 450, -1250     +1300, - 450     + 400, -1300
     + 450, -1300     + 400, -1300     + 400, -1300     + 400, -8100
     +1300, - 450     +1300, - 450     + 400, -1300     +1250, - 500
     +1250, - 500     + 400, -1300     +1250, - 500     + 450, -1250
     + 400, -1300     + 450, -1300     + 400, -1300     + 400, -8100
     +1250, - 500     +1250, - 500     + 400, -1300     +1250, - 500
     +1250, - 500     + 400, -1300     +1250, - 500     + 400, -1300
     + 400, -1300     + 400, -1300     + 400, -1300     + 400, -8100
     +1250, - 500     +1250, - 500     + 400, -1300     +1250, - 500
     +1250, - 500     + 400, -1300     +1250, - 500     + 400, -1300
     + 400, -1300     + 400, -1300     + 400, -1300     + 400, -8100
     +1250, - 500     +1250
unsigned int  rawData[99] = {1300,450, 1250,500, 400,1300, 1250,500, 1300,450, 450,1250, 1300,450, 400,1300, 450,1300, 400,1300, 400,1300, 400,8100, 1300,450, 1300,450, 400,1300, 1250,500, 1250,500, 400,1300, 1250,500, 450,1250, 400,1300, 450,1300, 400,1300, 400,8100, 1250,500, 1250,500, 400,1300, 1250,500, 1250,500, 400,1300, 1250,500, 400,1300, 400,1300, 400,1300, 400,1300, 400,8100, 1250,500, 1250,500, 400,1300, 1250,500, 1250,500, 400,1300, 1250,500, 400,1300, 400,1300, 400,1300, 400,1300, 400,8100, 1250,500, 1250};  // UNKNOWN 27A36066

Encoding  : UNKNOWN
Code      : 27A36066 (32 bits)
Timing[99]: 
     +1250, - 500     +1300, - 450     + 450, -1250     +1300, - 450
     +1300, - 450     + 450, -1250     +1300, - 450     + 450, -1250
     + 450, -1250     + 450, -1250     + 450, -1250     + 450, -8050
     +1250, - 500     +1300, - 450     + 450, -1300     +1300, - 450
     +1300, - 450     + 400, -1300     +1300, - 450     + 450, -1250
     + 450, -1250     + 450, -1250     + 450, -1250     + 450, -8050
     +1250, - 500     +1300, - 450     + 450, -1250     +1300, - 450
     +1250, - 500     + 450, -1250     +1300, - 450     + 450, -1250
     + 450, -1300     + 400, -1300     + 400, -1300     + 400, -8100
     +1300, - 450     +1300, - 450     + 450, -1300     +1300, - 450
     +1300, - 450     + 450, -1300     +1300, - 450     + 450, -1250
     + 450, -1300     + 400, -1300     + 400, -1300     + 450, -8000
     +1300, - 500     +1250
unsigned int  rawData[99] = {1250,500, 1300,450, 450,1250, 1300,450, 1300,450, 450,1250, 1300,450, 450,1250, 450,1250, 450,1250, 450,1250, 450,8050, 1250,500, 1300,450, 450,1300, 1300,450, 1300,450, 400,1300, 1300,450, 450,1250, 450,1250, 450,1250, 450,1250, 450,8050, 1250,500, 1300,450, 450,1250, 1300,450, 1250,500, 450,1250, 1300,450, 450,1250, 450,1300, 400,1300, 400,1300, 400,8100, 1300,450, 1300,450, 450,1300, 1300,450, 1300,450, 450,1300, 1300,450, 450,1250, 450,1300, 400,1300, 400,1300, 450,8000, 1300,500, 1250};  // UNKNOWN 27A36066

Encoding  : UNKNOWN
Code      : 27A36066 (32 bits)
Timing[99]: 
     +1300, - 450     +1300, - 450     + 450, -1250     +1300, - 450
     +1300, - 450     + 450, -1250     +1300, - 450     + 450, -1250
     + 450, -1250     + 450, -1250     + 400, -1300     + 450, -8050
     +1300, - 450     +1300, - 450     + 400, -1300     +1300, - 450
     +1300, - 450     + 450, -1250     +1300, - 450     + 450, -1250
     + 450, -1300     + 450, -1250     + 400, -1300     + 450, -8050
     +1250, - 500     +1300, - 450     + 450, -1250     +1300, - 450
     +1300, - 450     + 450, -1250     +1250, - 500     + 450, -1250
     + 450, -1250     + 450, -1250     + 400, -1300     + 450, -8050
     +1250, - 500     +1300, - 450     + 450, -1250     +1300, - 450
     +1300, - 450     + 450, -1250     +1300, - 450     + 450, -1250
     + 400, -1300     + 450, -1250     + 450, -1300     + 450, -8050
     +1250, - 500     +1300
unsigned int  rawData[99] = {1300,450, 1300,450, 450,1250, 1300,450, 1300,450, 450,1250, 1300,450, 450,1250, 450,1250, 450,1250, 400,1300, 450,8050, 1300,450, 1300,450, 400,1300, 1300,450, 1300,450, 450,1250, 1300,450, 450,1250, 450,1300, 450,1250, 400,1300, 450,8050, 1250,500, 1300,450, 450,1250, 1300,450, 1300,450, 450,1250, 1250,500, 450,1250, 450,1250, 450,1250, 400,1300, 450,8050, 1250,500, 1300,450, 450,1250, 1300,450, 1300,450, 450,1250, 1300,450, 450,1250, 400,1300, 450,1250, 450,1300, 450,8050, 1250,500, 1300};  // UNKNOWN 27A36066

