// timer+

Encoding  : UNKNOWN
Code      : ABD4D16E (32 bits)
Timing[99]: 
     +1300, - 450     +1300, - 450     + 450, -1250     +1300, - 450
     +1300, - 450     + 450, -1250     + 450, -1250     + 450, -1250
     + 450, -1300     + 450, -1300     +1300, - 450     + 450, -8050
     +1300, - 450     +1300, - 450     + 450, -1300     +1300, - 450
     +1300, - 450     + 450, -1300     + 450, -1300     + 450, -1300
     + 450, -1300     + 450, -1300     +1300, - 450     + 450, -8050
     +1300, - 450     +1300, - 450     + 450, -1300     +1300, - 450
     +1300, - 450     + 450, -1300     + 450, -1300     + 450, -1300
     + 450, -1300     + 450, -1300     +1300, - 450     + 450, -8050
     +1300, - 450     +1300, - 450     + 450, -1300     +1300, - 450
     +1300, - 450     + 450, -1300     + 450, -1300     + 450, -1300
     + 450, -1300     + 450, -1300     +1300, - 450     + 450, -8050
     +1300, - 450     +1300
unsigned int  rawData[99] = {1300,450, 1300,450, 450,1250, 1300,450, 1300,450, 450,1250, 450,1250, 450,1250, 450,1300, 450,1300, 1300,450, 450,8050, 1300,450, 1300,450, 450,1300, 1300,450, 1300,450, 450,1300, 450,1300, 450,1300, 450,1300, 450,1300, 1300,450, 450,8050, 1300,450, 1300,450, 450,1300, 1300,450, 1300,450, 450,1300, 450,1300, 450,1300, 450,1300, 450,1300, 1300,450, 450,8050, 1300,450, 1300,450, 450,1300, 1300,450, 1300,450, 450,1300, 450,1300, 450,1300, 450,1300, 450,1300, 1300,450, 450,8050, 1300,450, 1300};  // UNKNOWN ABD4D16E

Encoding  : UNKNOWN
Code      : ABD4D16E (32 bits)
Timing[99]: 
     +1300, - 450     +1300, - 450     + 450, -1300     +1300, - 450
     +1300, - 450     + 450, -1300     + 450, -1300     + 450, -1300
     + 450, -1300     + 450, -1300     +1300, - 450     + 450, -8050
     +1300, - 450     +1300, - 450     + 450, -1250     +1300, - 450
     +1300, - 450     + 450, -1250     + 450, -1250     + 450, -1250
     + 450, -1250     + 450, -1250     +1300, - 450     + 450, -8050
     +1300, - 450     +1300, - 450     + 450, -1250     +1300, - 450
     +1300, - 450     + 450, -1250     + 450, -1250     + 450, -1250
     + 450, -1250     + 450, -1250     +1300, - 450     + 450, -8050
     +1300, - 450     +1300, - 450     + 450, -1250     +1300, - 450
     +1300, - 450     + 450, -1250     + 450, -1250     + 450, -1250
     + 450, -1250     + 450, -1250     +1300, - 450     + 450, -8050
     +1300, - 450     +1300
unsigned int  rawData[99] = {1300,450, 1300,450, 450,1300, 1300,450, 1300,450, 450,1300, 450,1300, 450,1300, 450,1300, 450,1300, 1300,450, 450,8050, 1300,450, 1300,450, 450,1250, 1300,450, 1300,450, 450,1250, 450,1250, 450,1250, 450,1250, 450,1250, 1300,450, 450,8050, 1300,450, 1300,450, 450,1250, 1300,450, 1300,450, 450,1250, 450,1250, 450,1250, 450,1250, 450,1250, 1300,450, 450,8050, 1300,450, 1300,450, 450,1250, 1300,450, 1300,450, 450,1250, 450,1250, 450,1250, 450,1250, 450,1250, 1300,450, 450,8050, 1300,450, 1300};  // UNKNOWN ABD4D16E

Encoding  : UNKNOWN
Code      : ABD4D16E (32 bits)
Timing[99]: 
     +1300, - 450     +1300, - 450     + 450, -1300     +1300, - 450
     +1300, - 450     + 450, -1300     + 450, -1300     + 450, -1300
     + 450, -1300     + 450, -1300     +1300, - 450     + 450, -8050
     +1300, - 450     +1300, - 450     + 450, -1300     +1300, - 450
     +1300, - 450     + 450, -1300     + 450, -1300     + 450, -1300
     + 450, -1300     + 450, -1300     +1300, - 450     + 450, -8050
     +1300, - 450     +1300, - 450     + 450, -1300     +1300, - 450
     +1300, - 450     + 450, -1300     + 450, -1300     + 450, -1300
     + 450, -1300     + 450, -1300     +1300, - 450     + 450, -8050
     +1300, - 450     +1300, - 450     + 450, -1300     +1300, - 450
     +1300, - 450     + 450, -1300     + 450, -1300     + 450, -1300
     + 450, -1300     + 450, -1300     +1300, - 450     + 450, -8050
     +1300, - 450     +1300
unsigned int  rawData[99] = {1300,450, 1300,450, 450,1300, 1300,450, 1300,450, 450,1300, 450,1300, 450,1300, 450,1300, 450,1300, 1300,450, 450,8050, 1300,450, 1300,450, 450,1300, 1300,450, 1300,450, 450,1300, 450,1300, 450,1300, 450,1300, 450,1300, 1300,450, 450,8050, 1300,450, 1300,450, 450,1300, 1300,450, 1300,450, 450,1300, 450,1300, 450,1300, 450,1300, 450,1300, 1300,450, 450,8050, 1300,450, 1300,450, 450,1300, 1300,450, 1300,450, 450,1300, 450,1300, 450,1300, 450,1300, 450,1300, 1300,450, 450,8050, 1300,450, 1300};  // UNKNOWN ABD4D16E

Encoding  : UNKNOWN
Code      : ABD4D16E (32 bits)
Timing[99]: 
     +1300, - 450     +1300, - 450     + 450, -1300     +1300, - 450
     +1300, - 450     + 450, -1300     + 450, -1300     + 450, -1300
     + 450, -1300     + 450, -1300     +1300, - 450     + 450, -8050
     +1300, - 450     +1300, - 450     + 450, -1300     +1300, - 450
     +1300, - 450     + 450, -1300     + 450, -1300     + 450, -1300
     + 450, -1300     + 450, -1300     +1300, - 450     + 450, -8050
     +1300, - 450     +1300, - 450     + 450, -1300     +1300, - 450
     +1300, - 450     + 450, -1300     + 450, -1300     + 450, -1300
     + 450, -1300     + 450, -1300     +1300, - 450     + 450, -8050
     +1300, - 450     +1300, - 450     + 450, -1300     +1300, - 450
     +1300, - 450     + 450, -1300     + 450, -1300     + 450, -1300
     + 450, -1300     + 450, -1300     +1300, - 450     + 450, -8050
     +1300, - 450     +1300
unsigned int  rawData[99] = {1300,450, 1300,450, 450,1300, 1300,450, 1300,450, 450,1300, 450,1300, 450,1300, 450,1300, 450,1300, 1300,450, 450,8050, 1300,450, 1300,450, 450,1300, 1300,450, 1300,450, 450,1300, 450,1300, 450,1300, 450,1300, 450,1300, 1300,450, 450,8050, 1300,450, 1300,450, 450,1300, 1300,450, 1300,450, 450,1300, 450,1300, 450,1300, 450,1300, 450,1300, 1300,450, 450,8050, 1300,450, 1300,450, 450,1300, 1300,450, 1300,450, 450,1300, 450,1300, 450,1300, 450,1300, 450,1300, 1300,450, 450,8050, 1300,450, 1300};  // UNKNOWN ABD4D16E

Encoding  : UNKNOWN
Code      : ABD4D16E (32 bits)
Timing[99]: 
     +1300, - 450     +1300, - 450     + 450, -1300     +1300, - 450
     +1300, - 450     + 450, -1300     + 450, -1300     + 450, -1300
     + 450, -1300     + 450, -1300     +1300, - 450     + 450, -8050
     +1300, - 450     +1300, - 450     + 450, -1300     +1300, - 450
     +1300, - 450     + 450, -1300     + 450, -1300     + 450, -1300
     + 450, -1300     + 450, -1300     +1300, - 450     + 450, -8050
     +1300, - 450     +1300, - 450     + 450, -1300     +1300, - 450
     +1300, - 450     + 450, -1300     + 450, -1300     + 450, -1300
     + 450, -1300     + 450, -1300     +1300, - 450     + 450, -8050
     +1300, - 450     +1300, - 450     + 450, -1300     +1300, - 450
     +1300, - 450     + 450, -1300     + 450, -1300     + 450, -1300
     + 450, -1300     + 450, -1300     +1300, - 450     + 450, -8050
     +1300, - 450     +1300
unsigned int  rawData[99] = {1300,450, 1300,450, 450,1300, 1300,450, 1300,450, 450,1300, 450,1300, 450,1300, 450,1300, 450,1300, 1300,450, 450,8050, 1300,450, 1300,450, 450,1300, 1300,450, 1300,450, 450,1300, 450,1300, 450,1300, 450,1300, 450,1300, 1300,450, 450,8050, 1300,450, 1300,450, 450,1300, 1300,450, 1300,450, 450,1300, 450,1300, 450,1300, 450,1300, 450,1300, 1300,450, 450,8050, 1300,450, 1300,450, 450,1300, 1300,450, 1300,450, 450,1300, 450,1300, 450,1300, 450,1300, 450,1300, 1300,450, 450,8050, 1300,450, 1300};  // UNKNOWN ABD4D16E

Encoding  : UNKNOWN
Code      : ABD4D16E (32 bits)
Timing[99]: 
     +1300, - 450     +1300, - 450     + 450, -1250     +1300, - 450
     +1300, - 450     + 450, -1250     + 450, -1250     + 450, -1250
     + 450, -1250     + 450, -1250     +1300, - 450     + 450, -8050
     +1300, - 450     +1300, - 450     + 450, -1250     +1300, - 450
     +1300, - 450     + 450, -1250     + 450, -1250     + 450, -1250
     + 450, -1250     + 450, -1250     +1300, - 450     + 450, -8050
     +1300, - 450     +1300, - 450     + 450, -1300     +1300, - 450
     +1300, - 450     + 450, -1250     + 450, -1250     + 450, -1250
     + 450, -1250     + 450, -1250     +1300, - 450     + 450, -8050
     +1300, - 450     +1300, - 450     + 450, -1300     +1300, - 450
     +1300, - 450     + 450, -1250     + 450, -1250     + 450, -1250
     + 450, -1300     + 450, -1300     +1300, - 450     + 450, -8050
     +1300, - 450     +1300
unsigned int  rawData[99] = {1300,450, 1300,450, 450,1250, 1300,450, 1300,450, 450,1250, 450,1250, 450,1250, 450,1250, 450,1250, 1300,450, 450,8050, 1300,450, 1300,450, 450,1250, 1300,450, 1300,450, 450,1250, 450,1250, 450,1250, 450,1250, 450,1250, 1300,450, 450,8050, 1300,450, 1300,450, 450,1300, 1300,450, 1300,450, 450,1250, 450,1250, 450,1250, 450,1250, 450,1250, 1300,450, 450,8050, 1300,450, 1300,450, 450,1300, 1300,450, 1300,450, 450,1250, 450,1250, 450,1250, 450,1300, 450,1300, 1300,450, 450,8050, 1300,450, 1300};  // UNKNOWN ABD4D16E

